=== NoC Performance Results [PRS (2-phase, gate-level event count)] ===
Averaged over 10 runs per configuration.
# Latency = mean per-packet (t_eject - t_inject).
# t_inject is logged in mock_core_tx immediately before out_chan!val;
# t_eject  is logged in mock_core_rx after in_chan?pkt.
-------------------------------------------------------------------------------------
Grid     | Packets/Core   | Load %   | Avg Total Cycles   | Avg E2E Latency     
-------------------------------------------------------------------------------------
2x2      | 1              | 10       | 637.00             | 517.00              
2x2      | 1              | 50       | 694.00             | 526.50              
2x2      | 1              | 75       | 768.00             | 535.33              
2x2      | 1              | 100      | 842.00             | 563.50              
2x2      | 3              | 10       | 1906.00            | 939.67              
2x2      | 3              | 50       | 1953.00            | 910.50              
2x2      | 3              | 75       | 2099.00            | 929.67              
2x2      | 3              | 100      | 2235.00            | 961.75              
2x2      | 5              | 10       | 3152.00            | 1015.80             
2x2      | 5              | 50       | 3313.00            | 1008.00             
2x2      | 5              | 75       | 3437.00            | 1033.47             
2x2      | 5              | 100      | 3543.00            | 1046.20             
3x3      | 1              | 10       | 751.00             | 631.00              
3x3      | 1              | 25       | 884.00             | 640.50              
3x3      | 1              | 50       | 1013.00            | 658.75              
3x3      | 1              | 75       | 1264.00            | 713.29              
3x3      | 1              | 100      | 1513.00            | 794.67              
3x3      | 3              | 10       | 2422.00            | 1206.67             
3x3      | 3              | 25       | 2722.00            | 1237.67             
3x3      | 3              | 50       | 3054.00            | 1319.50             
3x3      | 3              | 75       | 3333.00            | 1291.48             
3x3      | 3              | 100      | 3364.00            | 1301.56             
3x3      | 5              | 10       | 3637.00            | 1173.60             
3x3      | 5              | 25       | 3963.00            | 1198.10             
3x3      | 5              | 50       | 4893.00            | 1355.20             
3x3      | 5              | 75       | 5090.00            | 1438.06             
3x3      | 5              | 100      | 5267.00            | 1453.73             
4x4      | 1              | 10       | 1072.00            | 791.50              
4x4      | 1              | 25       | 1175.56            | 809.44              
4x4      | 1              | 50       | 1622.00            | 901.62              
4x4      | 1              | 75       | 2012.00            | 925.08              
4x4      | 1              | 100      | 2258.89            | 1006.94             
4x4      | 3              | 10       | 2758.00            | 1285.00             
4x4      | 3              | 25       | 3311.00            | 1411.08             
4x4      | 3              | 50       | 4204.00            | 1529.04             
4x4      | 3              | 75       | 4870.00            | 1729.10             
4x4      | 3              | 100      | 5425.00            | 1828.12             
4x4      | 5              | 10       | 5098.00            | 1585.10             
4x4      | 5              | 25       | 5738.00            | 1564.45             
4x4      | 5              | 50       | 7007.00            | 1786.42             
4x4      | 5              | 75       | 7222.00            | 1816.12             
4x4      | 5              | 100      | 8303.00            | 2029.21             
5x5      | 1              | 10       | 960.00             | 726.00              
5x5      | 1              | 25       | 1657.00            | 1009.83             
5x5      | 1              | 50       | 2542.00            | 1063.50             
5x5      | 1              | 75       | 2824.00            | 1158.00             
5x5      | 1              | 100      | 3585.56            | 1413.73             
5x5      | 3              | 10       | 3747.00            | 1726.50             
5x5      | 3              | 25       | 5213.33            | 1885.99             
5x5      | 3              | 50       | 5923.00            | 2036.94             
5x5      | 3              | 75       | 7651.00            | 2298.96             
5x5      | 3              | 100      | 8092.00            | 2439.63             
5x5      | 5              | 10       | 6079.00            | 1785.50             
5x5      | 5              | 25       | 7352.00            | 1967.80             
5x5      | 5              | 50       | 9391.00            | 2138.65             
5x5      | 5              | 75       | 10476.00           | 2428.82             
5x5      | 5              | 100      | 13009.00           | 2820.27             
6x6      | 1              | 10       | 1474.00            | 998.25              
6x6      | 1              | 25       | 2164.00            | 978.33              
6x6      | 1              | 50       | 2947.00            | 1200.67             
6x6      | 1              | 75       | 3928.00            | 1303.48             
6x6      | 1              | 100      | 4558.00            | 1519.36             
6x6      | 3              | 10       | 4916.67            | 1924.54             
6x6      | 3              | 25       | 4854.44            | 1845.56             
6x6      | 3              | 50       | 7356.00            | 2332.81             
6x6      | 3              | 75       | 9596.00            | 2610.26             
6x6      | 3              | 100      | 9933.00            | 2987.78             
6x6      | 5              | 10       | 7090.00            | 1868.10             
6x6      | 5              | 25       | 8581.11            | 1982.42             
6x6      | 5              | 50       | 12916.00           | 2540.58             
6x6      | 5              | 75       | 14837.00           | 2878.85             
6x6      | 5              | 100      | 16637.00           | 3238.52             
7x7      | 1              | 10       | 1939.00            | 1050.60             
7x7      | 1              | 25       | 3150.00            | 1245.67             
7x7      | 1              | 50       | 3368.00            | 1253.75             
7x7      | 1              | 75       | 4484.00            | 1593.92             
7x7      | 1              | 100      | 5963.00            | 1954.84             
7x7      | 3              | 10       | 5393.00            | 2041.87             
7x7      | 3              | 25       | 6334.00            | 2104.31             
7x7      | 3              | 50       | 40675.00           | 7950.10             
7x7      | 3              | 75       | 12610.00           | 3512.56             
7x7      | 3              | 100      | 13593.00           | 3918.93             
7x7      | 5              | 10       | 8039.00            | 2084.36             
7x7      | 5              | 25       | 10937.00           | 2391.45             
7x7      | 5              | 50       | 16011.00           | 3073.08             
7x7      | 5              | 75       | 21044.00           | 3783.74             
7x7      | 5              | 100      | 21744.00           | 4211.80             
8x8      | 1              | 10       | 2280.00            | 1364.67             
8x8      | 1              | 25       | 2988.89            | 1272.01             
8x8      | 1              | 50       | 5062.00            | 1678.44             
8x8      | 1              | 75       | 7211.00            | 2070.00             
8x8      | 1              | 100      | 7821.00            | 2288.97             
8x8      | 3              | 10       | 6230.00            | 2315.50             
8x8      | 3              | 25       | 10269.00           | 2793.12             
8x8      | 3              | 50       | 11837.00           | 3257.03             
8x8      | 3              | 75       | 14989.00           | 4063.12             
8x8      | 3              | 100      | 19237.00           | 5040.02             
8x8      | 5              | 10       | 9689.00            | 2378.87             
8x8      | 5              | 25       | 13222.00           | 2811.57             
8x8      | 5              | 50       | 20092.00           | 3711.19             
8x8      | 5              | 75       | 25303.00           | 4674.38             
8x8      | 5              | 100      | 30338.00           | 5600.58             
9x9      | 1              | 10       | 2519.00            | 1275.00             
9x9      | 1              | 25       | 3959.00            | 1392.90             
9x9      | 1              | 50       | 6213.33            | 1856.81             
9x9      | 1              | 75       | 7196.67            | 2382.22             
9x9      | 1              | 100      | 9133.33            | 2755.38             
9x9      | 3              | 10       | 7094.00            | 2545.58             
9x9      | 3              | 25       | 10402.00           | 2967.13             
9x9      | 3              | 50       | 16885.00           | 3927.03             
9x9      | 3              | 75       | 19001.00           | 5060.70             
9x9      | 3              | 100      | 23286.67           | 6161.98             
9x9      | 5              | 10       | 12019.00           | 2834.12             
9x9      | 5              | 25       | 15558.00           | 3209.35             
9x9      | 5              | 50       | 24990.00           | 4373.61             
9x9      | 5              | 75       | 29502.00           | 5719.77             
9x9      | 5              | 100      | 36210.00           | 6979.59             
10x10     | 1              | 10       | 2811.00            | 1464.50             
10x10     | 1              | 25       | 4783.00            | 1735.04             
10x10     | 1              | 50       | 7032.00            | 2161.26             
10x10     | 1              | 75       | 9122.00            | 2692.87             
10x10     | 1              | 100      | 11297.00           | 3339.48             
10x10     | 3              | 10       | 7715.56            | 2755.15             
10x10     | 3              | 25       | 12646.00           | 3469.53             
10x10     | 3              | 50       | 18274.00           | 4638.48             
10x10     | 3              | 75       | 24419.00           | 6078.19             
10x10     | 3              | 100      | 29248.89           | 7518.71             
10x10     | 5              | 10       | 13361.00           | 3077.66             
10x10     | 5              | 25       | 21566.00           | 3858.02             
10x10     | 5              | 50       | 29632.00           | 5313.74             
10x10     | 5              | 75       | 34778.00           | 6715.85             
10x10     | 5              | 100      | 47841.11           | 8495.11             
11x11     | 1              | 10       | 3374.44            | 1652.69             
11x11     | 1              | 25       | 5660.00            | 1929.53             
11x11     | 1              | 50       | 8313.75            | 2488.15             
11x11     | 1              | 75       | 11261.00           | 3143.12             
11x11     | 1              | 100      | 14758.00           | 3978.81             
11x11     | 3              | 10       | 9097.00            | 3049.06             
11x11     | 3              | 25       | 13975.00           | 3902.26             
11x11     | 3              | 50       | 22990.00           | 5526.60             
11x11     | 3              | 75       | 28153.00           | 7221.39             
11x11     | 3              | 100      | 34592.00           | 8960.99             
11x11     | 5              | 10       | 16034.00           | 3417.35             
11x11     | 5              | 25       | 24693.00           | 4377.20             
11x11     | 5              | 50       | 38281.00           | 6256.70             
11x11     | 5              | 75       | 48381.00           | 8231.78             
11x11     | 5              | 100      | 54586.00           | 9976.69             
# Single-grid sweep for 8x10 appended Wed May 13 23:49:12 CEST 2026
8x10     | 1              | 10       | 2135.00            | 1164.88             
8x10     | 1              | 25       | 4390.00            | 1670.22             
8x10     | 1              | 50       | 5511.25            | 1844.94             
8x10     | 1              | 75       | 7276.00            | 2211.32             
8x10     | 1              | 100      | 9834.00            | 2751.84             
8x10     | 3              | 10       | 6804.44            | 2362.36             
8x10     | 3              | 25       | 10151.00           | 3035.90             
8x10     | 3              | 50       | 14916.00           | 3917.53             
8x10     | 3              | 75       | 19846.00           | 4986.47             
8x10     | 3              | 100      | 23699.00           | 6304.07             
8x10     | 5              | 10       | 12048.89           | 2693.89             
8x10     | 5              | 25       | 16294.00           | 3334.30             
8x10     | 5              | 50       | 23203.00           | 4501.52             
8x10     | 5              | 75       | 28341.00           | 5413.37             
8x10     | 5              | 100      | 34260.00           | 6666.75             
