=== NoC Performance Results [CHP (abstract sync, one event per ?/!)] ===
Averaged over 10 runs per configuration.
# Latency = mean per-packet (t_eject - t_inject).
# t_inject is logged in mock_core_tx immediately before out_chan!val;
# t_eject  is logged in mock_core_rx after in_chan?pkt.
-------------------------------------------------------------------------------------
Grid     | Packets/Core   | Load %   | Avg Total Cycles   | Avg E2E Latency     
-------------------------------------------------------------------------------------
2x2      | 1              | 10       | 297.00             | 287.00              
2x2      | 1              | 50       | 319.00             | 284.50              
2x2      | 1              | 75       | 344.00             | 293.67              
2x2      | 1              | 100      | 330.00             | 280.00              
2x2      | 3              | 10       | 439.00             | 330.00              
2x2      | 3              | 50       | 473.00             | 341.33              
2x2      | 3              | 75       | 508.00             | 334.22              
2x2      | 3              | 100      | 487.00             | 335.92              
2x2      | 5              | 10       | 579.00             | 329.60              
2x2      | 5              | 50       | 624.00             | 347.20              
2x2      | 5              | 75       | 624.00             | 344.20              
2x2      | 5              | 100      | 670.00             | 352.45              
3x3      | 1              | 10       | 387.00             | 377.00              
3x3      | 1              | 25       | 414.00             | 359.00              
3x3      | 1              | 50       | 468.00             | 372.50              
3x3      | 1              | 75       | 488.00             | 365.14              
3x3      | 1              | 100      | 510.00             | 370.89              
3x3      | 3              | 10       | 539.00             | 411.00              
3x3      | 3              | 25       | 555.00             | 395.67              
3x3      | 3              | 50       | 618.00             | 397.75              
3x3      | 3              | 75       | 642.00             | 404.14              
3x3      | 3              | 100      | 669.00             | 413.59              
3x3      | 5              | 10       | 664.00             | 401.60              
3x3      | 5              | 25       | 697.00             | 399.70              
3x3      | 5              | 50       | 779.00             | 414.55              
3x3      | 5              | 75       | 808.00             | 422.23              
3x3      | 5              | 100      | 872.00             | 435.82              
4x4      | 1              | 10       | 504.00             | 431.00              
4x4      | 1              | 25       | 588.00             | 439.75              
4x4      | 1              | 50       | 576.00             | 415.62              
4x4      | 1              | 75       | 649.00             | 412.42              
4x4      | 1              | 100      | 620.00             | 414.00              
4x4      | 3              | 10       | 663.00             | 438.83              
4x4      | 3              | 25       | 731.00             | 452.08              
4x4      | 3              | 50       | 750.00             | 463.46              
4x4      | 3              | 75       | 851.00             | 482.58              
4x4      | 3              | 100      | 866.00             | 488.52              
4x4      | 5              | 10       | 817.00             | 452.40              
4x4      | 5              | 25       | 867.00             | 464.10              
4x4      | 5              | 50       | 942.00             | 486.57              
4x4      | 5              | 75       | 969.00             | 495.75              
4x4      | 5              | 100      | 1102.00            | 518.25              
5x5      | 1              | 10       | 558.00             | 476.00              
5x5      | 1              | 25       | 648.00             | 466.00              
5x5      | 1              | 50       | 734.00             | 465.17              
5x5      | 1              | 75       | 786.00             | 469.47              
5x5      | 1              | 100      | 782.00             | 480.60              
5x5      | 3              | 10       | 804.00             | 539.67              
5x5      | 3              | 25       | 872.00             | 519.33              
5x5      | 3              | 50       | 969.00             | 524.89              
5x5      | 3              | 75       | 971.00             | 542.93              
5x5      | 3              | 100      | 1037.00            | 548.71              
5x5      | 5              | 10       | 862.00             | 501.50              
5x5      | 5              | 25       | 1039.00            | 566.00              
5x5      | 5              | 50       | 1116.00            | 552.47              
5x5      | 5              | 75       | 1226.00            | 577.92              
5x5      | 5              | 100      | 1261.00            | 608.96              
6x6      | 1              | 10       | 711.00             | 518.75              
6x6      | 1              | 25       | 828.00             | 524.78              
6x6      | 1              | 50       | 828.00             | 518.11              
6x6      | 1              | 75       | 952.00             | 534.30              
6x6      | 1              | 100      | 899.00             | 544.00              
6x6      | 3              | 10       | 937.00             | 560.92              
6x6      | 3              | 25       | 1001.00            | 574.56              
6x6      | 3              | 50       | 1084.00            | 571.91              
6x6      | 3              | 75       | 1142.00            | 613.09              
6x6      | 3              | 100      | 1246.00            | 636.75              
6x6      | 5              | 10       | 1016.00            | 551.00              
6x6      | 5              | 25       | 1148.00            | 583.42              
6x6      | 5              | 50       | 1320.00            | 625.49              
6x6      | 5              | 75       | 1418.00            | 648.84              
6x6      | 5              | 100      | 1474.00            | 690.83              
7x7      | 1              | 10       | 801.00             | 585.80              
7x7      | 1              | 25       | 990.00             | 624.42              
7x7      | 1              | 50       | 1035.00            | 571.50              
7x7      | 1              | 75       | 1076.00            | 599.24              
7x7      | 1              | 100      | 1085.00            | 587.20              
7x7      | 3              | 10       | 991.00             | 615.60              
7x7      | 3              | 25       | 1226.00            | 632.67              
7x7      | 3              | 50       | 1289.00            | 663.46              
7x7      | 3              | 75       | 1351.00            | 685.09              
7x7      | 3              | 100      | 1425.00            | 714.43              
7x7      | 5              | 10       | 1237.00            | 623.64              
7x7      | 5              | 25       | 1336.00            | 655.75              
7x7      | 5              | 50       | 1435.00            | 695.49              
7x7      | 5              | 75       | 1635.00            | 729.62              
7x7      | 5              | 100      | 1795.00            | 781.26              
8x8      | 1              | 10       | 981.00             | 684.50              
8x8      | 1              | 25       | 1062.00            | 644.50              
8x8      | 1              | 50       | 1272.00            | 676.81              
8x8      | 1              | 75       | 1179.00            | 657.88              
8x8      | 1              | 100      | 1292.00            | 667.55              
8x8      | 3              | 10       | 1162.00            | 683.44              
8x8      | 3              | 25       | 1272.00            | 695.85              
8x8      | 3              | 50       | 1440.00            | 737.63              
8x8      | 3              | 75       | 1504.00            | 725.56              
8x8      | 3              | 100      | 1588.00            | 783.80              
8x8      | 5              | 10       | 1302.00            | 691.33              
8x8      | 5              | 25       | 1491.00            | 721.16              
8x8      | 5              | 50       | 1642.00            | 763.17              
8x8      | 5              | 75       | 1851.00            | 804.42              
8x8      | 5              | 100      | 1961.00            | 870.19              
9x9      | 1              | 10       | 1033.00            | 672.62              
9x9      | 1              | 25       | 1204.00            | 687.85              
9x9      | 1              | 50       | 1348.00            | 732.70              
9x9      | 1              | 75       | 1373.00            | 726.98              
9x9      | 1              | 100      | 1411.00            | 697.95              
9x9      | 3              | 10       | 1334.00            | 735.04              
9x9      | 3              | 25       | 1478.00            | 752.63              
9x9      | 3              | 50       | 1633.00            | 804.94              
9x9      | 3              | 75       | 1683.00            | 806.91              
9x9      | 3              | 100      | 1805.00            | 839.60              
9x9      | 5              | 10       | 1622.00            | 795.02              
9x9      | 5              | 25       | 1691.00            | 784.05              
9x9      | 5              | 50       | 1815.00            | 830.67              
9x9      | 5              | 75       | 2071.00            | 885.40              
9x9      | 5              | 100      | 2182.00            | 950.11              
10x10     | 1              | 10       | 1251.00            | 785.50              
10x10     | 1              | 25       | 1422.00            | 758.00              
10x10     | 1              | 50       | 1463.00            | 784.62              
10x10     | 1              | 75       | 1566.00            | 751.65              
10x10     | 1              | 100      | 1538.00            | 774.65              
10x10     | 3              | 10       | 1537.00            | 806.13              
10x10     | 3              | 25       | 1608.00            | 818.01              
10x10     | 3              | 50       | 1750.00            | 855.54              
10x10     | 3              | 75       | 1873.00            | 873.52              
10x10     | 3              | 100      | 1968.00            | 926.12              
10x10     | 5              | 10       | 1738.00            | 817.22              
10x10     | 5              | 25       | 1967.00            | 853.86              
10x10     | 5              | 50       | 2073.00            | 914.78              
10x10     | 5              | 75       | 2227.00            | 963.37              
10x10     | 5              | 100      | 2394.00            | 1030.14             
11x11     | 1              | 10       | 1458.00            | 891.17              
11x11     | 1              | 25       | 1602.00            | 828.87              
11x11     | 1              | 50       | 1663.00            | 836.20              
11x11     | 1              | 75       | 1733.00            | 829.64              
11x11     | 1              | 100      | 1728.00            | 831.88              
11x11     | 3              | 10       | 1608.00            | 871.06              
11x11     | 3              | 25       | 1832.00            | 895.70              
11x11     | 3              | 50       | 1873.00            | 893.96              
11x11     | 3              | 75       | 2044.00            | 946.39              
11x11     | 3              | 100      | 2121.00            | 979.44              
11x11     | 5              | 10       | 1865.00            | 901.87              
11x11     | 5              | 25       | 2066.00            | 914.75              
11x11     | 5              | 50       | 2219.00            | 965.59              
11x11     | 5              | 75       | 2461.00            | 1058.51             
11x11     | 5              | 100      | 2665.00            | 1128.48             
# Single-grid sweep for 8x10 appended Wed May 13 23:48:08 CEST 2026
8x10     | 1              | 10       | 1116.00            | 654.62              
8x10     | 1              | 25       | 1350.00            | 714.45              
8x10     | 1              | 50       | 1276.00            | 691.25              
8x10     | 1              | 75       | 1438.00            | 733.13              
8x10     | 1              | 100      | 1422.00            | 710.30              
8x10     | 3              | 10       | 1315.00            | 742.50              
8x10     | 3              | 25       | 1470.00            | 759.67              
8x10     | 3              | 50       | 1551.00            | 787.67              
8x10     | 3              | 75       | 1685.00            | 809.47              
8x10     | 3              | 100      | 1765.00            | 851.90              
8x10     | 5              | 10       | 1563.00            | 779.50              
8x10     | 5              | 25       | 1639.00            | 789.45              
8x10     | 5              | 50       | 1919.00            | 827.95              
8x10     | 5              | 75       | 1984.00            | 888.81              
8x10     | 5              | 100      | 2257.00            | 965.10              
